3
3
4
1.14079 1.44945
1.80241 1.24652
2.43522 1.47805
7
25
1.12154 1.44611
1.15772 1.53636
1.54158 1.50574
1.81395 1.35246
2.03956 1.51937
2.4115 1.53787
2.45466 1.47529
3
25
1.78419 2.02468
1.57693 1.71282
1.94159 1.79885
2
5
3
2
0 1 2 3 4 5 6 7 8 9 10 11 12 13 14 15 16 17 18 19 20 21 22 23 24 25 26 27 28 29 30 31 32 33 34 35 36 37 38 39 40 41 42 43 44 45 46 47 48 49 50 51 52 53 54 55 56 57 58 59 60 61 62 63 64 65 66 67 68 69 70 71 72 73 74 75 76 77 78 79 80 81 82 83 84 85 86 87 88 89 90 91 92 93 94 95 96 97 98 99 
1.22547 2.26752
1.46548 2.32775
1.65905 2.16644
1.22808 2.0758
1.16926 2.27202
8
3
20
0 1 2 3 4 5 6 7 8 9 10 11 12 13 14 15 16 17 18 19 20 21 22 23 24 25 26 27 28 29 30 31 32 33 34 35 36 37 38 39 40 41 42 43 44 45 46 47 48 49 50 51 52 53 54 55 56 57 58 59 60 61 62 63 64 65 66 67 68 69 70 71 72 73 74 75 76 77 78 79 80 81 82 83 84 85 86 87 88 89 90 91 92 93 94 95 96 97 98 99 
2.32775 2.24563
2.1811 2.37174
1.86435 2.19577
2.16351 2.15471
1.94647 2.27202
1.93474 2.13711
2.34534 2.06672
2.27499 2.43559
